2.6642639609434403e-6
2.200369834260881e-6
2.435340248225143e-6
2.466887919384665e-6
1.6181950455793243e-6
1.5819990046666622e-6
1.751396352775022e-6
1.249980262864566e-6
1.3293041242977442e-6
1.4100756031968858e-6
1.5579289992911597e-6
1.7991470117630041e-6
1.7155732881389793e-6
1.4165663032625232e-6
1.798553914393444e-6
1.5251509690398065e-6
1.4374162468741402e-6
1.2764716825952682e-6
1.0976721198370376e-6
8.169493326633927e-7
7.16399909121359e-7
6.176838692819484e-7
6.320821097266392e-7
6.30453027785439e-7
6.942856964274928e-7
6.664203867206883e-7
7.156977785028486e-7
6.358495948376564e-7
5.402336103992387e-7
5.878911323380718e-7
5.213871772475604e-7
5.981843356305653e-7
5.983976435878244e-7
5.398553044982293e-7
5.292105203583577e-7
6.001491500788764e-7
6.184452954234734e-7
6.441836836742077e-7
6.203269690913752e-7
5.811643866699101e-7
4.7458175172743253e-7
4.323298574542935e-7
4.0227805957649737e-7
4.061556027791447e-7
3.9616249824432033e-7
4.2783203089338904e-7
4.5156078951768087e-7
4.360148227701248e-7
4.354197741987629e-7
3.9577992035809825e-7
4.692724876011252e-7
4.834604314244e-7
4.50138378650021e-7
4.2867049768105863e-7
4.6120446991792975e-7
4.0817597838936703e-7
4.279743230577524e-7
3.9619755870466714e-7
4.254902763385149e-7
4.551693160391443e-7
4.330535837649074e-7
4.5802430384933355e-7
4.744762087990978e-7
4.330893511003013e-7
4.1459104465135556e-7
4.4822964919602405e-7
4.0094426451470576e-7
4.4171940561696633e-7
4.5705178905186866e-7
4.122560557857837e-7
4.437291536441849e-7
4.639849111974357e-7
4.908323878629959e-7
4.788717342234471e-7
5.264507292463677e-7
6.181730176861058e-7
7.005335303188268e-7
7.016597464985745e-7
6.378359663815203e-7
8.035319706266888e-7
9.18156164671805e-7
7.752232188570605e-7
8.541824593796074e-7
9.171061812175866e-7
1.062949414814499e-6
1.1056875177168302e-6
1.1045033472737803e-6
1.0631802410423096e-6
1.0317431956942688e-6
9.841087886936524e-7
8.381433252716419e-7
7.025674268127274e-7
7.088029913222777e-7
7.008518979827645e-7
6.606526821465494e-7
6.755929985300532e-7
6.961672898661058e-7
5.724727643257195e-7
5.706487529743161e-7
5.499965934900281e-7
6.547061252693437e-7
6.999283523549314e-7
6.257794509719462e-7
6.116261749864265e-7
5.688422405026621e-7
5.809644512944852e-7
5.671393805313278e-7
6.407501400099291e-7
6.0057477599838e-7
5.960181734902141e-7
6.135586791598792e-7
6.285980041202544e-7
6.036905073988205e-7
5.726644708411086e-7
4.892365046606325e-7
4.304002325747689e-7
4.501446885127592e-7
4.682825582131448e-7
5.040049131169074e-7
5.316933051068595e-7
5.208524384642845e-7
5.753635401607458e-7
5.621975196614906e-7
5.556345791539703e-7
6.016824316644695e-7
5.529977297680799e-7
5.123059759836348e-7
5.687639866650675e-7
5.35778080260875e-7
6.015219312948779e-7
6.81233423785548e-7
6.065225461497811e-7
6.561362196728118e-7
7.383935471072034e-7
7.866873449751534e-7
9.031755847646408e-7
8.282095945656997e-7
8.325541626268599e-7
8.533304584220176e-7
7.850689752293056e-7
7.831742204813303e-7
7.369026202303986e-7
6.79697352777491e-7
6.142719496310735e-7
6.127809640589335e-7
5.676260037162755e-7
5.519254725712993e-7
5.712365457282869e-7
5.396710466373953e-7
4.862234010849085e-7
5.165859513966698e-7
5.003355157715297e-7
4.813568960109312e-7
4.847166618504633e-7
5.218659466660766e-7
4.922622958048166e-7
5.182291689324637e-7
4.5133123968895955e-7
4.566516387349712e-7
4.764440351829858e-7
4.6631694626969735e-7
4.760107060773041e-7
5.331223733671009e-7
5.350963514694925e-7
4.637487077354123e-7
4.800939892150048e-7
5.22424327835526e-7
4.982183311696866e-7
5.341558011979878e-7
5.359556198947241e-7
5.338764903174699e-7
5.687711217034546e-7
6.012113520706526e-7
5.761066560165213e-7
5.82299743811916e-7
6.018814519345133e-7
6.148342421798805e-7
6.157328838580271e-7
5.891681235161534e-7
6.189256996875054e-7
6.271775203277637e-7
6.486443986940003e-7
6.7322425804312e-7
6.848303439653142e-7
6.556257528151814e-7
6.977677805628699e-7
7.59730569128152e-7
7.356795207956099e-7
7.99915358231843e-7
8.22621780003397e-7
9.042896262474785e-7
8.231278390551057e-7
7.808228634339008e-7
7.846716001301365e-7
6.75302375932482e-7
7.141805174598615e-7
6.982416241610257e-7
7.060962648945864e-7
6.957157026615857e-7
7.385195502007751e-7
7.95929979359434e-7
7.650389607220603e-7
6.815979800927576e-7
7.10698553371019e-7
6.641144030898441e-7
6.936567713544172e-7
6.464827933407749e-7
6.398498286907294e-7
6.54205387700252e-7
6.516279303979464e-7
7.002424571808724e-7
6.786913989291566e-7
7.36665638271397e-7
6.714845000488277e-7
6.678850556613961e-7
6.72160018935278e-7
6.865077577883581e-7
6.855166030275419e-7
7.115261074736687e-7
7.619654228886294e-7
8.547777423965281e-7
8.770859681302999e-7
9.313347760951504e-7
9.700679739874003e-7
9.814247744373076e-7
9.74909711741587e-7
1.044551583833767e-6
9.909343390631438e-7
9.604450478871967e-7
9.882497198501555e-7
1.0562651799270699e-6
1.1266095492253929e-6
1.160660947390838e-6
1.2348591345363527e-6
1.2131709513854653e-6
1.342808666494132e-6
1.3870067561041173e-6
1.273457465229277e-6
1.3211479817448173e-6
1.2958234467378562e-6
1.231489534017595e-6
1.1655249334848216e-6
1.163527481274166e-6
1.2400822091967435e-6
1.257830177920041e-6
1.259195460086049e-6
1.2125577724104884e-6
1.118200305099257e-6
1.068328404796319e-6
1.0813897945085147e-6
1.1659337058147763e-6
1.0695620395339312e-6
1.0716472024596583e-6
1.048065475198263e-6
1.0880064987200372e-6
1.1145372422414998e-6
1.0372386060591274e-6
1.0063745815081395e-6
9.961781803234587e-7
9.961603142386337e-7
1.0777086885680697e-6
1.0504879642521783e-6
9.73896777816671e-7
1.0215726138297039e-6
1.0320983202197685e-6
1.0362330785627713e-6
1.0638011414179236e-6
1.0224706162421077e-6
9.332493822309005e-7
9.445174453923902e-7
8.969729434026054e-7
8.720316059143354e-7
8.679974786074459e-7
8.840386631458e-7
8.803157520171714e-7
8.460816618000628e-7
8.38957337062348e-7
8.787396733058603e-7
8.547465030492999e-7
8.76524343203194e-7
8.797438062522132e-7
8.875278562923769e-7
9.255981436168574e-7
9.666197547045106e-7
9.485390084367171e-7
9.721991225358288e-7
1.0506385778803195e-6
1.1168755969502791e-6
1.0854171591023486e-6
1.0729763029836066e-6
1.1492886090860277e-6
1.0541857541519874e-6
1.0053432281131181e-6
1.1113113880860264e-6
1.0377654662826364e-6
1.0849002194458365e-6
1.0581007060194764e-6
1.0548922897518825e-6
1.069115931249247e-6
1.0995050954809624e-6
