1.9805927235340383e-6
1.4455328623807254e-6
1.4693127581218692e-6
2.1379905917832323e-6
2.0463836510652708e-6
1.9389646182117665e-6
1.403682203023858e-6
1.3536896353676356e-6
1.5920543334896374e-6
1.7723409567969713e-6
1.6117742604246712e-6
2.1503087380232774e-6
2.180269029378346e-6
1.7377398362378678e-6
1.7408803771319737e-6
1.6537454653472208e-6
1.5363093232649198e-6
1.278762195338289e-6
1.1737794216360778e-6
1.2829581635332369e-6
1.3971788729802839e-6
1.634307199644807e-6
1.4560505727885157e-6
1.2540112522624522e-6
1.4187201092639014e-6
1.3000713345937e-6
1.3780075924750516e-6
1.4505701556335846e-6
1.326094957269637e-6
1.2508555475007464e-6
1.1871964909219702e-6
1.2176004607587244e-6
1.049991878655957e-6
1.2913902200047768e-6
1.1785091329716384e-6
9.968924788718705e-7
1.0194530130161115e-6
8.930369923477293e-7
8.346657442087928e-7
8.296908835711893e-7
1.039218300752911e-6
1.0841639470712388e-6
9.268045104230062e-7
9.335195709003672e-7
7.74374090469891e-7
7.350585082122458e-7
8.174081646367237e-7
8.354676562654969e-7
9.089938755805657e-7
8.438392043801102e-7
7.997917804768876e-7
9.092456725667117e-7
8.363031278220859e-7
6.911703449350961e-7
7.451539906060464e-7
8.725967472549775e-7
7.245421740640816e-7
7.404034494388065e-7
7.605370666748081e-7
8.231185897954637e-7
8.53978461807244e-7
9.32135205041769e-7
8.833773746157724e-7
8.630755793267169e-7
8.239127729720581e-7
8.953905167884501e-7
7.604016968763962e-7
8.053936393356599e-7
7.641437068761735e-7
8.555258307364563e-7
8.598450932000936e-7
9.046242466370247e-7
9.37443461601465e-7
1.0137674864564497e-6
1.0972824833520522e-6
1.0332172418604015e-6
1.0630909763172193e-6
9.804548024450302e-7
9.441528318910428e-7
8.227413696453176e-7
8.101947502936323e-7
8.715207650418629e-7
8.04355797412576e-7
7.98075011508957e-7
7.895689934208817e-7
7.930633091724058e-7
8.06462244951585e-7
7.70587550898138e-7
7.319267733481707e-7
6.863120707901015e-7
6.591198526592572e-7
6.474006927032199e-7
5.902184619884847e-7
5.359542665265055e-7
5.153300976666755e-7
5.354121843746861e-7
5.708796674418986e-7
5.732928068591714e-7
6.375192269228539e-7
6.298392411155205e-7
5.907735229738984e-7
5.843547102252505e-7
5.892899350170834e-7
6.822735125698055e-7
6.323955738340876e-7
6.727326263709418e-7
6.756218261529183e-7
6.812555469937802e-7
7.480446307553655e-7
8.060407138886685e-7
8.998772853892359e-7
9.60144478333333e-7
9.561323002974876e-7
9.531092062740855e-7
1.0049407988008634e-6
9.645294158440469e-7
9.6347596825837e-7
9.602809533937365e-7
1.0263624243106327e-6
1.0132281993630955e-6
1.0110018977875856e-6
1.0865018054655534e-6
1.1124073818937474e-6
1.106821387529602e-6
9.580149247400958e-7
9.896031249946982e-7
9.359957527458295e-7
9.816718154257099e-7
1.0036604785985965e-6
9.872784156323988e-7
1.0702210406212197e-6
1.1057985034655848e-6
1.0552345971011286e-6
1.0867176660989108e-6
1.1938086423807914e-6
1.1981041745685638e-6
1.1510872912524347e-6
1.2559369216550185e-6
1.3019890446429506e-6
1.302715364368681e-6
1.2930707600885285e-6
1.2663443814581398e-6
1.3094115357478815e-6
1.3777848935633886e-6
1.3551161160314202e-6
1.215776577851545e-6
1.2637866106498464e-6
1.2186843916840419e-6
1.2384414254844701e-6
1.231469852252772e-6
1.28630766366475e-6
1.302640270095215e-6
1.228773294094874e-6
1.2900251577549622e-6
1.2102317866369592e-6
1.186599559428405e-6
1.1758070356963302e-6
1.031760869854714e-6
9.790204558282354e-7
9.38869788585221e-7
9.61173409377638e-7
9.890258494022278e-7
9.822256737404258e-7
9.910317849925185e-7
1.027998094520928e-6
9.82223028157272e-7
9.632376544091484e-7
9.822926020726364e-7
9.786518040027483e-7
9.924509638179807e-7
1.0738395790923026e-6
1.036515599038636e-6
1.0445141290475478e-6
1.0565350863363762e-6
1.0704189879061013e-6
9.892670727501828e-7
9.67694050867508e-7
1.0469506943328973e-6
1.02216734058313e-6
9.393250967155275e-7
9.814923362397207e-7
9.496047598389179e-7
9.96685952773916e-7
1.0188584872918507e-6
9.664661954746102e-7
9.903360324805994e-7
9.059990104803235e-7
9.973157510856198e-7
1.0440124527147846e-6
1.1171873750991104e-6
1.1674353911097215e-6
1.2241050819174726e-6
1.2133070166128732e-6
1.1555246407805112e-6
1.2024510932774936e-6
1.195444382826802e-6
1.146091868985827e-6
1.1127407226484637e-6
1.182107258564829e-6
1.1624390073858928e-6
1.206560870847733e-6
1.1991543752731589e-6
1.1391626156164412e-6
1.183782970650762e-6
1.1815668715343334e-6
1.18327762787062e-6
1.1317888891088987e-6
1.0410888303045158e-6
1.0042779453824733e-6
9.816811067167594e-7
9.34324291672592e-7
8.8611215047714e-7
8.436397161612482e-7
8.958872103142535e-7
8.57244615375919e-7
8.057658791342767e-7
7.75100824616965e-7
7.502123584372299e-7
7.787191158893148e-7
8.104373862912308e-7
8.196275296603942e-7
8.065574779749861e-7
8.730416939031322e-7
9.16553643349635e-7
9.093219338798962e-7
9.513522697758238e-7
9.33167973508004e-7
9.152837838136639e-7
9.721617497296183e-7
1.0208078949009816e-6
1.0095810150823448e-6
9.814132547348649e-7
1.0312996250836201e-6
1.1319191988347013e-6
1.1289814915902932e-6
1.1619005569336638e-6
1.1786140641367702e-6
1.2128464481737616e-6
1.2449856905748248e-6
1.2098262417058836e-6
1.2614578874272093e-6
1.1140714688503663e-6
1.0955057500604966e-6
1.148706175482124e-6
1.1752171316125221e-6
1.229244173100992e-6
1.2385773960796218e-6
1.209984308936154e-6
1.2819172242442896e-6
1.313701287267393e-6
1.3118255020406835e-6
1.3710388791441015e-6
1.321533693554121e-6
1.3238965761412078e-6
1.3605009342872574e-6
1.346269536469152e-6
1.4606170683783738e-6
1.5138871655053834e-6
1.5529704967202481e-6
1.5147260019152442e-6
1.4355650051583218e-6
1.4483752289907201e-6
1.4788784813661585e-6
1.4272259994754826e-6
1.4740859072819728e-6
1.378463170424207e-6
1.4166972803341759e-6
1.4757923590275445e-6
1.4451243359997193e-6
1.533278919085325e-6
1.4748614832690191e-6
1.4728568276061945e-6
1.4644862617221758e-6
1.5261878782966542e-6
1.5773061736651925e-6
1.6050178938873412e-6
1.6112648763908244e-6
1.6079088586322574e-6
1.5797008302478477e-6
1.59398460019626e-6
1.6267956976981879e-6
1.594237226999527e-6
1.55117752849095e-6
1.5360144853424522e-6
1.5258503707748465e-6
1.4856515084581755e-6
1.5084961040407502e-6
1.457609437505684e-6
1.5035177901149818e-6
1.4899456130385526e-6
1.5008443795234272e-6
1.5550549053485277e-6
1.5290864340551783e-6
1.5265026775642461e-6
1.4451289331819628e-6
1.4242286731954507e-6
1.4569843138530602e-6
1.423321337301228e-6
1.4013771405712243e-6
1.421817135649707e-6
