3.8118236985771118e-6
2.0457235959908434e-6
2.258693545765586e-6
1.5117566610859898e-6
1.4902728378374515e-6
9.347008122813353e-7
8.578755927391826e-7
9.94446873405432e-7
8.630068120007895e-7
9.329138941664581e-7
9.076931130874836e-7
8.86827166654811e-7
7.286247400036654e-7
6.174921696334893e-7
6.146136939026954e-7
6.912935309625673e-7
8.365198601399407e-7
9.41113278313649e-7
8.734656937309001e-7
9.217065428792439e-7
9.640591627301211e-7
8.79553541571109e-7
9.65305568728888e-7
1.1337594447877238e-6
9.969566557823388e-7
1.0820369880402706e-6
8.658343590675906e-7
8.367104843440839e-7
8.123289874380524e-7
7.502104737714291e-7
7.037027745547845e-7
7.133232012462389e-7
7.186370737689104e-7
6.928419792573497e-7
7.520928646314349e-7
7.558570380380763e-7
7.808498629250418e-7
7.718269635714737e-7
6.709876106017151e-7
5.948791008640104e-7
5.504976255194939e-7
5.627098424329885e-7
6.38321738898763e-7
6.596546163453813e-7
7.252036851999164e-7
8.175579997506556e-7
8.847357875027715e-7
8.724035970222686e-7
7.984495405578456e-7
8.432967472709854e-7
7.994392856403784e-7
8.533087600231865e-7
1.0159276511805496e-6
9.42200030577211e-7
9.725111968325251e-7
8.921601910880382e-7
9.58885566379123e-7
9.378683333531218e-7
8.891571920917141e-7
9.323301937844376e-7
1.062659307423241e-6
1.0067904610384895e-6
9.867128557500813e-7
1.1420837675965277e-6
1.121135255015674e-6
1.2226880544137835e-6
1.2587375353506666e-6
1.1145156162827235e-6
1.1411657996799738e-6
1.105470053074729e-6
1.0671317591242966e-6
1.2710787788981898e-6
1.3027375694317073e-6
1.268907488455465e-6
1.2662954811729947e-6
1.1595673876692702e-6
1.141959444758607e-6
9.72553407509254e-7
9.510907761030964e-7
9.960067651875657e-7
9.773425406378904e-7
8.968702590861782e-7
8.92629970092333e-7
9.350061768854689e-7
9.078253811265176e-7
9.174247878990048e-7
9.179029496321801e-7
8.61861416269866e-7
7.376109188565342e-7
6.541602432818098e-7
6.935105357567613e-7
6.295206757659451e-7
6.648472971377232e-7
6.69277715246912e-7
7.108208180207875e-7
7.411694523050384e-7
7.325959148877577e-7
7.312736427806533e-7
7.43322784180427e-7
7.932923005373453e-7
7.546158814522978e-7
7.658683891141396e-7
7.188423111008847e-7
7.520134727997446e-7
6.484843811612809e-7
6.732691582160156e-7
6.664842249715276e-7
6.168616272371333e-7
5.987448401296008e-7
5.785460639008967e-7
5.943472983689548e-7
5.518417956891584e-7
5.897393846321415e-7
6.302064022037376e-7
6.382219656310151e-7
6.199922296587664e-7
5.976986347864686e-7
6.137383815360659e-7
6.015346012881316e-7
5.817057916014723e-7
5.433603565360334e-7
5.478583194919623e-7
5.566650731297453e-7
5.597571116996634e-7
5.525452921689765e-7
5.609410628127837e-7
5.292225812535484e-7
5.452253954027657e-7
5.314652373563322e-7
5.417507444647823e-7
5.43805655588937e-7
5.563691173568229e-7
5.648905272008664e-7
5.527200444726435e-7
5.652062296786931e-7
5.98536359218921e-7
5.758430036824662e-7
5.574596960272352e-7
5.538302215130791e-7
5.383610276491751e-7
5.603877903674582e-7
5.546276137563474e-7
5.692784572169169e-7
6.027393346990723e-7
5.887128982584655e-7
6.005513556785675e-7
5.889214220594182e-7
6.30065787956083e-7
6.764807793498233e-7
6.360592141452996e-7
6.554996172876853e-7
6.582246376413125e-7
6.87921715844658e-7
6.769043274750927e-7
6.561827099612635e-7
6.439389466614164e-7
6.347556643053422e-7
6.119219687961378e-7
6.395760831924905e-7
6.655697750278029e-7
5.927428914027628e-7
5.778300070487318e-7
5.75312009296974e-7
5.990346389637927e-7
5.870836001486649e-7
5.846136001091755e-7
5.830892404906576e-7
5.316788664345221e-7
5.321794656829596e-7
4.6738652678007944e-7
4.957911583926186e-7
4.6526132509315347e-7
4.5674163596455337e-7
4.8398448297385e-7
5.180510418088963e-7
5.011021799932744e-7
5.148509462904101e-7
5.079740108023425e-7
5.291948302214856e-7
5.36511446394353e-7
5.584030697467476e-7
5.818202364495874e-7
5.767134833893867e-7
5.737462464942964e-7
5.473292848980226e-7
5.905437823765179e-7
6.234172758106996e-7
6.44938333337875e-7
6.192475403416209e-7
5.897807602783195e-7
6.41015968664542e-7
6.891615864896151e-7
7.206983195642673e-7
7.149633006650511e-7
7.07313889443386e-7
6.989316079791426e-7
7.430359851640781e-7
7.018735977191923e-7
6.938965023711628e-7
7.223054805591551e-7
7.438720633064961e-7
7.802438277987968e-7
8.05974934874428e-7
8.008225838648891e-7
8.560414958799049e-7
8.500753309281954e-7
8.492486152559968e-7
9.268577203674938e-7
1.0399724870800724e-6
1.0677184181903307e-6
1.0673083589153722e-6
1.0623172329951227e-6
9.80771004186582e-7
9.362171588568382e-7
8.998786276818714e-7
8.86412158373881e-7
7.85379648678856e-7
7.755519692646859e-7
7.472328427340401e-7
7.93922238882002e-7
7.602896589399997e-7
7.869368868974387e-7
6.937420923879262e-7
7.524815774038705e-7
8.113392798837473e-7
8.193972022501646e-7
8.103496438184504e-7
8.064577638082869e-7
7.69003480882625e-7
7.575329592860429e-7
7.568173906247723e-7
6.964190774368412e-7
6.401012562691423e-7
6.357492827341595e-7
6.060528960119127e-7
5.7125657085917e-7
5.953359090593823e-7
5.884932775304565e-7
6.002659801612101e-7
6.450938026612401e-7
6.361105081128478e-7
6.334676083046093e-7
6.322279984260328e-7
6.486592454747239e-7
6.302972806930448e-7
6.301871374784487e-7
6.198186371632648e-7
6.173131815072534e-7
6.482329897528533e-7
6.4458707718373e-7
6.474488213297873e-7
6.576060323189076e-7
6.682879419352511e-7
6.917304719797126e-7
7.156177009978372e-7
7.023655274124203e-7
6.980025753058664e-7
7.013366152963187e-7
7.305508643538299e-7
7.370648870866676e-7
7.846414638629541e-7
8.73229855930654e-7
8.512358078091737e-7
8.969129656668251e-7
9.008146332492355e-7
9.066024383366479e-7
9.106305612921985e-7
8.750736978348804e-7
8.182430530708244e-7
7.477650574146714e-7
7.320740148423675e-7
7.682503559621136e-7
7.719962065953836e-7
7.42306804970695e-7
8.353226439020232e-7
8.405165405644122e-7
8.901445825118385e-7
8.707143018321471e-7
8.933146614522081e-7
8.664348210796046e-7
8.667438882781248e-7
8.772563069448673e-7
8.505008399788229e-7
7.815257841262588e-7
7.837218727804753e-7
7.849707695987618e-7
7.836570697469266e-7
7.74501705164215e-7
7.76166813382011e-7
7.389456201796622e-7
7.371905183240171e-7
7.679120094335763e-7
7.849898194316549e-7
7.770327872358275e-7
7.733269782493258e-7
7.411135290434267e-7
7.082490576224265e-7
6.83017277571288e-7
7.239727020248545e-7
7.200527549892353e-7
