2.9647957652594506e-6
2.5933547092991906e-6
1.4592091019607666e-6
1.2570143230836112e-6
1.4403170803172972e-6
1.3968709644915356e-6
1.305825581543097e-6
1.193228964347169e-6
1.1651819792954104e-6
1.1024502551281033e-6
1.3103306636969969e-6
9.485531652974463e-7
9.541022502931424e-7
1.0212389461101004e-6
8.317030518760542e-7
9.045254146499093e-7
8.029286101553178e-7
8.149258839490062e-7
9.486685043715118e-7
9.335693906480365e-7
1.0290517764329325e-6
1.1336398503052361e-6
9.971441719156083e-7
8.522704885545063e-7
7.804479267272768e-7
8.280532126114481e-7
7.402345918710346e-7
7.153647591420148e-7
6.060589202405782e-7
5.598264548516848e-7
4.790453109239049e-7
4.922771293720217e-7
4.7582586886662396e-7
4.669618488573895e-7
5.92039403112803e-7
5.839070976967879e-7
5.787736152185778e-7
5.308172948747655e-7
4.90407998942716e-7
4.6059338860840384e-7
4.710901772449401e-7
5.135983795562318e-7
4.6463436856082355e-7
4.221670673820286e-7
4.4503919242941357e-7
5.390447342956664e-7
5.599673840131757e-7
6.221816017613788e-7
5.260759538869816e-7
6.105479875418017e-7
5.763113438761714e-7
4.89108236357848e-7
4.587810894172904e-7
5.215341438881585e-7
4.921306896021851e-7
4.5739987812946606e-7
4.699996964767434e-7
5.007043956945098e-7
4.226820074930087e-7
5.007572515108825e-7
5.270283711139139e-7
4.857128541642273e-7
4.925653601343713e-7
4.220587144073308e-7
4.3522087016474027e-7
5.404516801271444e-7
4.7368333477315083e-7
4.406787610119892e-7
5.299943593741227e-7
4.888049771283644e-7
4.819310929655229e-7
5.27433610229721e-7
6.506976138744733e-7
5.248422080045965e-7
5.253822362600815e-7
4.5756424025915953e-7
4.329391198051949e-7
4.2531024281106636e-7
4.194969968824127e-7
4.2399349218221006e-7
4.129691999268889e-7
4.5508774360714787e-7
5.573903642073388e-7
6.711049718953955e-7
8.291940862094859e-7
8.850481395791983e-7
9.122607887098447e-7
9.3648491367227e-7
9.279617793324194e-7
9.803220921937633e-7
9.083850183884716e-7
8.268685290757616e-7
8.097841863092274e-7
9.030400758889163e-7
8.037069708474717e-7
8.173373860256871e-7
8.837915648297784e-7
7.56771386851023e-7
6.520581836401124e-7
6.514189526907712e-7
6.486147120336734e-7
7.666810402856005e-7
9.049390913239535e-7
9.346748663641684e-7
9.306179133434264e-7
1.0480017038609562e-6
1.0304930248745382e-6
1.0384414854076337e-6
1.145034534367871e-6
1.0182482517542825e-6
9.829556704709409e-7
9.809948411669271e-7
9.223264805567417e-7
9.753953342943239e-7
9.228643261703245e-7
8.606716427858409e-7
7.784131490704785e-7
7.604787899506685e-7
8.31005526854559e-7
8.403234793343773e-7
7.587315128748407e-7
7.665807096610659e-7
7.286973181647082e-7
7.557128651473112e-7
7.303892871279357e-7
8.291744141827618e-7
7.788030203172574e-7
7.567749796460608e-7
7.259900446444888e-7
8.305218743547305e-7
8.074483601208743e-7
8.24289711875125e-7
8.310107503123261e-7
8.180766801344215e-7
9.286885418890591e-7
8.197378523834378e-7
8.295768890041475e-7
7.752793457430017e-7
8.2022194753055e-7
7.923724958092456e-7
8.04814993774133e-7
7.987529613290509e-7
8.01462993545512e-7
7.043326683319384e-7
7.100317297686645e-7
7.06740108768162e-7
7.49836476725466e-7
7.882551701575642e-7
7.892139031518341e-7
7.919359177487366e-7
7.370971031100052e-7
6.972850121117876e-7
6.448353100092339e-7
7.095155096204922e-7
6.459944429078047e-7
6.963243926363867e-7
6.408478286291057e-7
6.815562527569732e-7
6.568851377898975e-7
6.272860465845212e-7
6.541239667634042e-7
6.615553273233294e-7
7.031462365107586e-7
7.925350772669467e-7
8.270447597198052e-7
7.6335698406521e-7
8.219207783285773e-7
8.021342849884885e-7
8.371846153727367e-7
8.780167206098793e-7
8.66660936465084e-7
8.019081209395423e-7
7.713479688138559e-7
7.913014521458599e-7
7.84393192567526e-7
7.847327247013519e-7
7.439658451707475e-7
7.14887037634524e-7
6.802034168294344e-7
6.441401500421594e-7
6.607728165430126e-7
6.497667725916616e-7
6.92658035605721e-7
6.992406574670786e-7
6.262799464552966e-7
5.936302107820272e-7
6.320068117394303e-7
6.420457914052712e-7
6.100234665923092e-7
6.000837866373684e-7
6.077230873280486e-7
6.126814575980215e-7
5.990856114258979e-7
6.041205031285257e-7
6.279605327687356e-7
7.196490109029691e-7
7.145645382916043e-7
7.520577461378015e-7
7.104565613034195e-7
6.934899618053859e-7
6.944316937434047e-7
6.83811276382892e-7
7.513137118629158e-7
7.309261627597319e-7
6.831459450798444e-7
6.812062442743658e-7
7.27162619574725e-7
6.999990038514519e-7
7.513337137016949e-7
7.589936333860004e-7
7.308884770892914e-7
7.155561907516862e-7
7.393410977322723e-7
7.358874889649394e-7
7.25223632716625e-7
6.94232260841607e-7
6.791033322577509e-7
6.948126235556713e-7
7.162686589425346e-7
6.904904757492024e-7
7.12468583679336e-7
6.888387761588118e-7
6.419646422759619e-7
6.666289857175703e-7
6.363355208082232e-7
5.911392998255001e-7
6.260905101289427e-7
5.987729056446345e-7
6.149029459206155e-7
5.95551386171403e-7
6.498820533127223e-7
6.33947683450542e-7
6.442798550025757e-7
6.688819706542152e-7
6.600702274829273e-7
6.642955594207437e-7
6.637750245061818e-7
6.514667756561985e-7
6.589283492918301e-7
6.824958371984183e-7
6.813004514835667e-7
6.433557829984648e-7
6.208214763909881e-7
6.089290465397144e-7
6.476108710916528e-7
6.797743151227768e-7
6.587062193945178e-7
7.158899002049416e-7
7.097047769674273e-7
7.237288403486131e-7
7.583411979756079e-7
7.675252107120186e-7
8.083348368734139e-7
7.749291088126717e-7
8.37533542869084e-7
8.621546886912097e-7
9.059293257885327e-7
8.610972183217845e-7
8.550178873340137e-7
8.296959749730146e-7
8.55687885374521e-7
9.001391216358207e-7
8.474091873010654e-7
9.45619461977676e-7
9.135742948475119e-7
9.587559901903396e-7
9.144328493903885e-7
1.036253132959952e-6
1.0593987614458178e-6
1.04597866173697e-6
1.0430985131475165e-6
1.045058256267734e-6
1.11492203310993e-6
1.0718482541302213e-6
1.0567398748536252e-6
1.0537137692912767e-6
9.855009892147258e-7
9.708435649923973e-7
9.030430888341187e-7
9.099480700529163e-7
9.624445376737073e-7
9.065014160463061e-7
9.59581412205181e-7
9.696166007351548e-7
9.466434136487937e-7
9.395313536035773e-7
9.433428533030397e-7
9.14940396275076e-7
9.293480208354037e-7
9.015828476065569e-7
9.196684744214398e-7
8.955405884023797e-7
8.681397555819684e-7
8.140242717081228e-7
8.181185047605259e-7
8.160048874598274e-7
8.26469270268922e-7
7.877657359055298e-7
7.953298269747827e-7
8.224235931942401e-7
