2.6083575022420643e-6
1.682502685870238e-6
1.8161349725204747e-6
1.2785063762766121e-6
1.179263080430466e-6
1.1380180399655888e-6
1.2195482360416484e-6
1.0571069405131247e-6
1.2163037545958923e-6
1.3432366751056812e-6
1.6232846870727189e-6
1.6152268632291882e-6
1.5247726534391413e-6
1.8348282527896958e-6
1.5278002820742198e-6
1.438261924127562e-6
1.5805420685400524e-6
1.7408560008600071e-6
1.7372587913190682e-6
1.670451094307207e-6
1.9547506670878155e-6
2.050947600045366e-6
1.7357326912736834e-6
1.639057439312029e-6
1.1896684071817371e-6
1.1372495972411769e-6
1.250006479720735e-6
1.277549646290163e-6
1.0753193211479042e-6
8.563033195884997e-7
8.724439980726207e-7
1.0033478770856163e-6
8.763387202377029e-7
7.234572760719692e-7
8.435349381603381e-7
6.447595946628683e-7
6.436312759427445e-7
6.594840302540375e-7
5.581415600014578e-7
5.427004644649678e-7
5.383045997336519e-7
5.637720427785864e-7
5.060409005390273e-7
4.932418370257021e-7
4.3974818380125715e-7
4.7287904773408345e-7
4.5299131443995244e-7
4.570313881976541e-7
5.17933481126788e-7
5.049217016928741e-7
4.7666458461557774e-7
4.904161467764995e-7
4.400817483002991e-7
4.7612969525376834e-7
4.931910532278251e-7
4.971603203690063e-7
4.7273896509500516e-7
4.7373273893663895e-7
4.691424548860985e-7
4.918243088615328e-7
4.902240199440334e-7
5.053811662256023e-7
5.119757287301104e-7
4.2960707521419417e-7
3.608581098647294e-7
4.1278981640809296e-7
4.00691340132872e-7
4.0418689409634976e-7
3.9006918114057263e-7
4.477878685359132e-7
4.479299898780758e-7
4.3379318178234755e-7
4.3929063343921716e-7
4.0339168586409006e-7
3.5714106731132933e-7
3.732299703063882e-7
4.0698572021447796e-7
4.27597325800771e-7
4.909956947445987e-7
5.094651869672513e-7
4.906684958934909e-7
4.851143069683762e-7
4.841386469450076e-7
5.521739299380916e-7
5.347193751016315e-7
5.106519484955487e-7
5.322919578671347e-7
5.496170671679389e-7
5.723947862014942e-7
5.528457104275886e-7
5.286206627937046e-7
5.184211554336428e-7
6.274397004432875e-7
5.98025823154759e-7
6.670164705726684e-7
6.596052667622201e-7
6.939535417053569e-7
6.277318836249159e-7
7.033592420090018e-7
7.131067169664021e-7
6.894873569789447e-7
6.371614568275788e-7
6.739531754726337e-7
6.681892570661687e-7
6.709725314413765e-7
7.775069955722962e-7
8.144365999314597e-7
8.459179008827876e-7
7.786022739539569e-7
7.635993770162396e-7
6.858331748258852e-7
7.937656124910679e-7
7.334486442313336e-7
6.680843576275935e-7
7.097881792173047e-7
7.587439219058619e-7
7.638986340933288e-7
7.37911814173006e-7
6.697188228528407e-7
6.778075588624062e-7
7.159367113845579e-7
6.717756506732828e-7
7.283515462379994e-7
7.43787178330723e-7
7.46955708983982e-7
7.208212095334009e-7
6.401913035729558e-7
6.924032704667855e-7
6.881326094196333e-7
6.717288886256764e-7
6.776648280097954e-7
6.440165380370028e-7
6.343641688864082e-7
7.221679487304133e-7
7.078397565586497e-7
7.335877318042252e-7
6.56953705456975e-7
7.377010619785103e-7
7.528020212880232e-7
8.918946790262963e-7
8.374295014916974e-7
8.056847098529672e-7
8.389315491128932e-7
8.195754323672817e-7
8.727637040543994e-7
9.824251226084112e-7
9.995913506190238e-7
9.608474337018667e-7
9.827243619308093e-7
9.985540856245625e-7
1.0319506602325315e-6
9.852496902147793e-7
9.205072292027741e-7
9.625283460989828e-7
8.953281643419983e-7
9.315298017020026e-7
9.322767638436345e-7
9.735309282701087e-7
1.0104325966188389e-6
1.0415502283483031e-6
9.710929682541129e-7
9.898302971377548e-7
1.0665996466141167e-6
1.196462591787223e-6
1.1204547064734602e-6
1.113910228989403e-6
1.1618929892898506e-6
1.2074201907623386e-6
1.2335239647563653e-6
1.2064180877338256e-6
1.1554893690808616e-6
1.1272033818042354e-6
1.252805962088989e-6
1.319639552513194e-6
1.3145928185431358e-6
1.2792045453732078e-6
1.3572539292784254e-6
1.1738289261705977e-6
1.2604846316197927e-6
1.2487331643288013e-6
1.341000956466664e-6
1.3548830535589157e-6
1.2119302038348287e-6
1.2208094000083802e-6
1.2026258380342592e-6
1.1628216921785908e-6
1.2066099230883808e-6
1.2483654259296945e-6
1.1353823410161501e-6
1.1971575590148117e-6
1.140787911149593e-6
1.1747130831052988e-6
1.3030740894011101e-6
1.264264502636142e-6
1.2537762444297673e-6
1.2029623352992909e-6
1.1512384195177906e-6
1.1975326068471455e-6
1.1666778691603273e-6
1.226506176519832e-6
1.2339077309440606e-6
1.2343859634034284e-6
1.227501326504214e-6
1.341011282090212e-6
1.4153279297409243e-6
1.2663161427205582e-6
1.2297778905684672e-6
1.2867540683223087e-6
1.2925600548513982e-6
1.3188365137549492e-6
1.242942676563661e-6
1.139207092077366e-6
1.1357916436649288e-6
1.1870842867769429e-6
1.1589051471409494e-6
1.185328995197715e-6
1.2520460113783236e-6
1.2429329673615023e-6
1.2823774626889698e-6
1.2368359960497726e-6
1.17760184974293e-6
1.1461348895808962e-6
1.1358913172442417e-6
1.0869418590367395e-6
1.1325102834670174e-6
1.1983670705851261e-6
1.2770437378516954e-6
1.334088066814851e-6
1.2949271595448906e-6
1.28452212734446e-6
1.347608572978933e-6
1.3889972954482704e-6
1.4310987865052e-6
1.38147136084329e-6
1.4666644769766444e-6
1.4348308620964495e-6
1.293228337373406e-6
1.3475021495739134e-6
1.338115667887365e-6
1.3755585708448015e-6
1.413412442751336e-6
1.4458525544893558e-6
1.4382573064662213e-6
1.3304681446762947e-6
1.2540003122937255e-6
1.1825081637670408e-6
1.2586089411468686e-6
1.281086658851206e-6
1.2928217734115024e-6
1.2393885716511952e-6
1.2175421648407728e-6
1.3715574820862553e-6
1.2541148243864632e-6
1.2490672071845992e-6
1.1837649441802582e-6
1.1009259383317756e-6
1.1871015393984164e-6
1.1985458509736463e-6
1.2992867927681273e-6
1.4040515979191276e-6
1.4660953527648008e-6
1.4987331437597928e-6
1.5114839462591928e-6
1.4435171416264072e-6
1.4453754601394907e-6
1.3383584984978781e-6
1.4096083897990401e-6
1.325124689390132e-6
1.310925236418285e-6
1.2712130815775182e-6
1.3429873229518313e-6
1.3061968281289828e-6
1.229842630245045e-6
1.1669526805797232e-6
1.1245703003909991e-6
1.1574333970583663e-6
1.1491238426599096e-6
1.1079932146701648e-6
1.0709706983942693e-6
1.0534237311172318e-6
1.1143545957766475e-6
1.154706890570253e-6
1.086732634685656e-6
1.0709888809611235e-6
1.0828925668012027e-6
1.0863648776936195e-6
1.141567845744596e-6
1.1435925763601698e-6
1.074685027337713e-6
1.0622426100345051e-6
1.102082807974545e-6
1.083310226369194e-6
1.0584595914362878e-6
1.085637001650458e-6
1.094423881571319e-6
1.220574097351908e-6
1.1921180473327712e-6
1.2262029903015802e-6
1.205599169768611e-6
1.200521818990004e-6
