3.913539191407623e-6
2.162583831785753e-6
1.4443668387734288e-6
1.437748804406486e-6
1.534005948190739e-6
1.1730273382877228e-6
1.1924482742619047e-6
1.1391091989901791e-6
1.0829175787681304e-6
1.063882273340623e-6
1.0306279784723144e-6
1.2319349879237786e-6
1.5619419220097212e-6
1.5212652282182309e-6
1.3987916568695872e-6
1.3868853502086384e-6
1.4216552130426237e-6
1.0768542079649383e-6
1.1086734804887137e-6
1.2141140620836563e-6
1.1120306549727243e-6
9.974521842692423e-7
8.831229686608887e-7
8.105821736735404e-7
7.144118247640004e-7
6.687360077453611e-7
6.776421760852174e-7
7.776651267386014e-7
7.614109221321582e-7
9.779875541735225e-7
1.067502789802555e-6
1.019178579526418e-6
1.0545680760265982e-6
1.1442318914090667e-6
1.1393052806783306e-6
1.11249655376942e-6
1.1157508894437765e-6
9.766444388243366e-7
1.0845555766767128e-6
1.009517944748962e-6
9.479055215621558e-7
9.755496755995269e-7
1.081113904767359e-6
1.360500322449672e-6
1.4616848920506218e-6
1.4449902251127756e-6
1.2915587084936976e-6
1.1687205484205897e-6
1.2415566895651732e-6
1.3209766362473905e-6
1.1984843723840906e-6
1.1929063805779538e-6
9.61877001372341e-7
8.996145571426486e-7
7.277827742402165e-7
6.139562936308437e-7
5.821193315008873e-7
6.217352217102584e-7
5.518643602555461e-7
5.724398572588647e-7
5.174840895674947e-7
4.811811855402713e-7
4.4320653694039995e-7
4.0231053741715155e-7
4.634774453772082e-7
4.4271195409553274e-7
4.185942984731979e-7
4.959643985074083e-7
4.705197833464944e-7
4.318557939321096e-7
4.560489241821842e-7
4.2455755305912777e-7
4.835857808340979e-7
4.410638850553293e-7
4.5159176819347285e-7
3.9466617586143205e-7
4.1345031545373254e-7
4.4243007387051585e-7
4.642395990578867e-7
4.3732463627798783e-7
5.088548408692025e-7
4.289987374522623e-7
4.079788605480405e-7
3.332667169085003e-7
3.0822517251450397e-7
3.169429932482797e-7
3.134355167851089e-7
3.0493414408784406e-7
2.8496036858172665e-7
3.1559395189304e-7
3.090501677000166e-7
2.8204950866782166e-7
3.040239788650188e-7
3.108250691926005e-7
3.7025462888484453e-7
4.08292043593714e-7
3.73539966267694e-7
3.955766761306689e-7
4.0505576622424027e-7
4.4138826771009903e-7
4.5744495666476456e-7
4.7557920671282466e-7
5.254132254653472e-7
4.988027951708534e-7
4.37911665098065e-7
4.3793921877781255e-7
5.396292695087271e-7
5.971683474979785e-7
6.560741579944741e-7
5.637417011601347e-7
5.495663971475351e-7
6.086485761987131e-7
6.832424970885432e-7
7.114437984371067e-7
7.826026981623601e-7
7.785610672236196e-7
7.736531604664382e-7
7.446685536065782e-7
8.239987224575382e-7
7.382904900802395e-7
7.241396561623676e-7
7.67810318590419e-7
7.03371650988788e-7
7.954439121127172e-7
8.260446240940781e-7
8.252895050662905e-7
8.74445875729805e-7
8.212461060695986e-7
8.239880316211935e-7
8.510884124509708e-7
9.371240707195468e-7
8.38066605889797e-7
9.931683902750403e-7
9.799479656640539e-7
9.137937740857795e-7
1.0347436603354814e-6
1.1810570801805745e-6
1.2779072006458613e-6
1.3379697156575331e-6
1.3212428369808232e-6
1.3470492842932507e-6
1.406761942286429e-6
1.4195483924618412e-6
1.2127450111835973e-6
1.16779908030341e-6
1.2624098062460353e-6
1.2559588638746658e-6
1.3427981662861246e-6
1.1952409765775644e-6
1.3073042436855764e-6
1.253454274080112e-6
1.2693250873868492e-6
1.0796592701013385e-6
1.1483570560732908e-6
1.1258726308405044e-6
9.937688710536284e-7
9.803505210806724e-7
1.0296548196869966e-6
1.114884174749604e-6
1.193589492087348e-6
1.1937004593941333e-6
1.2174979871429393e-6
1.2119240936773365e-6
1.0925511156303655e-6
1.0494811823730826e-6
1.1734694572994462e-6
1.1782746249955065e-6
1.20005092709432e-6
1.162036331634659e-6
1.084624262941675e-6
1.0462958062224114e-6
1.0146418785474688e-6
1.1205390250682648e-6
1.088996230129842e-6
1.08098281340639e-6
9.383509198718431e-7
8.986463376699613e-7
9.814639690057667e-7
1.0624916787015359e-6
9.167581632326496e-7
7.594276268819596e-7
7.796928339247685e-7
7.640105694677349e-7
7.714046139925228e-7
7.803401798706372e-7
8.175740667806047e-7
8.695770816067621e-7
8.796615506583188e-7
9.058911267234931e-7
9.801386494575575e-7
1.0100774506114286e-6
9.632202810461937e-7
1.0968753552568114e-6
1.1242202775837422e-6
1.0494391504235254e-6
1.1741556623624876e-6
1.327370376337571e-6
1.370363959622684e-6
1.4081495355362243e-6
1.2256658958343933e-6
1.184596620509233e-6
1.2213041597035877e-6
1.2874380714727317e-6
1.271240806238682e-6
1.172636785856784e-6
1.0803504290502262e-6
1.076190293645817e-6
1.0519267721089856e-6
1.068740982070689e-6
1.094628823378906e-6
9.666348900032542e-7
9.730447032953804e-7
9.533958168906103e-7
1.010790843172914e-6
9.484348940309133e-7
8.984488848937294e-7
9.565036360497377e-7
8.945704507418565e-7
9.386076648372927e-7
1.0073228287634756e-6
1.0606235034501507e-6
9.896082230313924e-7
1.1088288715409486e-6
1.0466065381444761e-6
1.0236434180132647e-6
1.1021349806353506e-6
1.049070303479916e-6
9.461772152875151e-7
8.757142793856291e-7
8.561788539131941e-7
7.938381501892378e-7
7.765599927940546e-7
7.728243368510517e-7
7.201194472545502e-7
6.750869192626804e-7
6.860523018068844e-7
7.222976529639338e-7
7.937504392964597e-7
7.612094329609604e-7
7.745992040376949e-7
7.463323431885344e-7
8.332814317614785e-7
8.787103890792803e-7
9.709024336529135e-7
9.338763041431139e-7
8.082886091472392e-7
7.918083470037813e-7
7.456497604990114e-7
6.955291168260677e-7
6.349660094560402e-7
5.866482265380025e-7
6.100886596650711e-7
6.380041889381648e-7
6.294674411163333e-7
5.719636944352525e-7
5.18915229858077e-7
4.6092362184669306e-7
4.7488698745819587e-7
4.1466671580021944e-7
3.8735332922748323e-7
4.009917906163325e-7
4.437800368385617e-7
4.0754824482712715e-7
3.981221231079271e-7
3.9133629356078103e-7
4.1695119001430164e-7
4.0839804101094093e-7
4.4821959899595605e-7
4.677585017269636e-7
4.765683063247802e-7
4.922099344687228e-7
4.971683517370827e-7
5.28689530469683e-7
5.561336376099999e-7
5.548458569495366e-7
5.956159774577488e-7
5.819571907301775e-7
6.105857238291069e-7
5.862831203890159e-7
5.45624360392949e-7
5.737034578462588e-7
5.840503811551635e-7
5.777849768254445e-7
5.819889020125212e-7
5.667593580949756e-7
5.660977813821389e-7
5.770626020329246e-7
5.573202650222813e-7
4.982264706558166e-7
4.602425149558306e-7
4.1976530556046536e-7
4.3212191725985356e-7
4.545916499021323e-7
4.1268487804756056e-7
3.82434626369508e-7
3.8490876749364826e-7
3.517731362024437e-7
3.200020862304564e-7
2.9960077386384333e-7
2.747358982917677e-7
