2.6586356112540632e-6
2.446275216141608e-6
2.4606774130918172e-6
2.1032379627720615e-6
2.108884901260087e-6
1.6526515143101957e-6
1.654658672418902e-6
1.991871653956086e-6
1.392387672750072e-6
1.201633256593174e-6
1.2337239731599164e-6
1.7163834290544273e-6
1.5825633022235254e-6
9.573652408368809e-7
8.465740970800565e-7
6.502816193807288e-7
6.126597801580395e-7
5.98434923301451e-7
7.431217378955156e-7
6.505016873061757e-7
6.130439913012058e-7
5.760332862796791e-7
5.729813213801744e-7
6.387698890071433e-7
6.711380902573455e-7
7.619631848921428e-7
7.696260413466274e-7
9.280089222171647e-7
8.313109518360722e-7
7.271128860534329e-7
5.115664154506924e-7
5.073088555965186e-7
5.503205756885773e-7
5.08939711647371e-7
5.607891501839642e-7
5.292757240808067e-7
5.650097920418908e-7
5.460999227940566e-7
5.844727992505863e-7
5.941128729497478e-7
6.820132220618552e-7
7.384544994839245e-7
7.282825022570594e-7
8.094990668780559e-7
8.420416676001717e-7
8.040130545977744e-7
6.769607188623e-7
6.752754660090412e-7
6.789848328828542e-7
6.33760602615831e-7
6.306586263279556e-7
5.714536994496321e-7
6.036680804721019e-7
6.947510293400212e-7
6.52685987579618e-7
6.86318356754919e-7
6.545533325541791e-7
6.211865175429683e-7
7.261200102108336e-7
7.016902170437795e-7
8.017450618118927e-7
8.354736841682324e-7
8.630081731847844e-7
8.486711873006937e-7
7.450653371806904e-7
7.990568372062447e-7
6.648551464427848e-7
6.2749391429351e-7
5.754149990632802e-7
6.51213199167306e-7
7.151616057051505e-7
6.148719655561862e-7
6.182819070713477e-7
6.376764625276455e-7
6.464180317223399e-7
6.436223423505103e-7
7.476709361834794e-7
7.402439001634544e-7
7.519069879703169e-7
7.253610507304723e-7
8.023759942971027e-7
8.943899658389316e-7
8.79993497903977e-7
8.549317711916821e-7
8.092443423383607e-7
7.985674791997894e-7
8.271943745395214e-7
1.0599403567012769e-6
1.1759258128068572e-6
1.2341761913824723e-6
1.1436450608789133e-6
1.0700248935671838e-6
9.540629783451723e-7
9.663269541230761e-7
9.844026152140845e-7
1.033608369375725e-6
1.065490623746128e-6
1.2032484251012287e-6
1.2886178965679497e-6
1.3455817016632375e-6
1.3696348275174495e-6
1.1977664683887084e-6
1.148252867243871e-6
1.1821230125044644e-6
1.045034989847517e-6
9.827983336857697e-7
9.440835632147591e-7
9.528484600106144e-7
1.0030084628404485e-6
8.911102548421372e-7
9.60335498499018e-7
8.379258741188794e-7
7.490610233223298e-7
7.609826146205343e-7
6.89802587760478e-7
7.695844159235792e-7
7.06186719839938e-7
6.888150435754497e-7
6.601751801297765e-7
6.803204381398692e-7
6.917033356572157e-7
7.169104371630809e-7
6.990701935699109e-7
6.829794486161191e-7
6.136948516845052e-7
5.932378502366015e-7
5.539679629506224e-7
5.765703829167747e-7
5.413288745599607e-7
5.178137214449665e-7
4.63305531659672e-7
4.837484276035046e-7
5.001606532279034e-7
4.997303147364592e-7
4.878090838653793e-7
4.5978415279899663e-7
4.2259938243003383e-7
4.102728957203754e-7
4.4147160797553727e-7
4.541759979876806e-7
4.6023546297941477e-7
4.41039124442929e-7
3.8572649719368393e-7
3.9113575344792743e-7
3.8638769902156337e-7
4.266820116494673e-7
4.823519514073444e-7
5.096636085144034e-7
5.19814675823571e-7
5.059773602559771e-7
5.27649999516254e-7
4.967689639647067e-7
5.098639716008522e-7
5.609631420478035e-7
6.223508631463802e-7
6.855195924190286e-7
6.276100282996985e-7
6.325808259694511e-7
6.914853573248893e-7
6.380398760128523e-7
7.053935760082963e-7
7.238814062255213e-7
7.028468408570343e-7
6.853830682038664e-7
6.500270109343776e-7
6.276295529711527e-7
5.954701892265288e-7
5.570484273743456e-7
5.305969561098694e-7
5.20033347143577e-7
5.124495245985225e-7
5.215202466972977e-7
4.958338045522775e-7
4.873425538688902e-7
4.471053935984916e-7
4.4093712770043683e-7
4.5003339214354353e-7
4.302073456358839e-7
4.905086130344427e-7
4.718349880814056e-7
4.675886778851116e-7
4.3188008787188444e-7
4.4735594311757045e-7
4.331148542872493e-7
4.697207924222135e-7
5.022937099859183e-7
5.345054714818106e-7
5.037240966679404e-7
5.086746829225357e-7
4.991513552158141e-7
4.990526075766522e-7
5.112199883029978e-7
5.57237083424108e-7
5.52593524402748e-7
5.815069043392108e-7
5.273303402039136e-7
4.952387612941549e-7
5.350473278629499e-7
5.316822340069063e-7
5.929712854537941e-7
5.916267197724315e-7
5.384938129280431e-7
5.549116274695531e-7
5.340929822117453e-7
4.990197204856663e-7
5.434753394873116e-7
5.452687969848888e-7
4.770008596804832e-7
4.812414839370412e-7
5.123307981173876e-7
5.288229536620352e-7
4.563992540587443e-7
4.7432435197363746e-7
4.768847663877588e-7
4.685394325505971e-7
4.189379890470021e-7
4.183671998759701e-7
4.1841978720475775e-7
4.518705098809695e-7
4.087264280343361e-7
4.024109563236571e-7
3.9528269846923245e-7
3.4842450924797656e-7
3.732312938248265e-7
4.0934005043671447e-7
4.139084442927503e-7
4.3888263108413143e-7
4.894050185814331e-7
4.7652851319822466e-7
4.924467115031905e-7
4.6057644552749986e-7
4.831137087986992e-7
4.85328435796137e-7
4.777482819538926e-7
4.711902846466381e-7
4.384719454089849e-7
4.126867124320387e-7
4.117148785584407e-7
4.4958281063063843e-7
4.2704650231628853e-7
4.7203772234171774e-7
4.3843908542152824e-7
4.666512215272091e-7
5.249944075708494e-7
5.536650835155382e-7
5.260013534626689e-7
4.490420572407075e-7
4.779300890265151e-7
4.774535747614331e-7
4.376720166676347e-7
4.39432424200033e-7
4.214070345994811e-7
4.170332567967328e-7
4.1456503428847584e-7
3.756564251352278e-7
3.586213409006642e-7
3.520621053832185e-7
3.6466288534052627e-7
4.241094971047158e-7
4.4048544355362665e-7
4.6828438743364936e-7
4.2959167121531355e-7
4.2679658356249793e-7
4.1573002516029465e-7
4.2228064437374874e-7
4.5656758388791927e-7
4.938884304609887e-7
4.859493998554133e-7
4.630688495500934e-7
4.826529207912177e-7
4.681800972627759e-7
4.915051307961096e-7
5.081584382481965e-7
5.361622203386909e-7
5.175311771246087e-7
5.894303792363677e-7
6.118849480309503e-7
5.909355223295849e-7
5.877088957102405e-7
5.300789372283686e-7
5.199429282380647e-7
5.286177825264773e-7
5.612429653250083e-7
4.946841500819106e-7
4.783368448262151e-7
5.159247780784604e-7
4.94783730914297e-7
4.945184098777906e-7
5.39119964509987e-7
5.17631875509427e-7
4.907573823523232e-7
4.761469072975228e-7
4.842314767064542e-7
4.907223329730534e-7
5.132429060116551e-7
4.770560012392711e-7
4.5022869836577055e-7
4.4203363750268415e-7
4.780786695941724e-7
4.802822448883964e-7
