3.2709754189570232e-6
3.4102877044789455e-6
4.535335406585348e-6
4.479828175243794e-6
3.5887567062514906e-6
3.1166324110628307e-6
2.476222663161575e-6
2.2119049076278857e-6
2.067411913849703e-6
1.7806769784383246e-6
1.1324585324797682e-6
8.96185209492297e-7
9.532211640733935e-7
7.520211737666887e-7
7.296234320535394e-7
1.055496656403107e-6
1.1108675113052184e-6
8.475867135380798e-7
7.576262582349231e-7
7.068845842139427e-7
6.101068101856824e-7
6.303525825513677e-7
7.787699262081261e-7
6.141301808363793e-7
6.29415953214634e-7
8.513920382911137e-7
7.78515902986992e-7
8.098658021935701e-7
1.0564352134678446e-6
9.596231780457746e-7
1.1379168387244144e-6
9.406088241350662e-7
1.0806770904146681e-6
9.91705850168243e-7
1.0085258016590101e-6
1.048379426194757e-6
1.1635443827821754e-6
1.025053415855306e-6
1.2068381800268163e-6
1.1763160677957314e-6
1.1955201211011652e-6
1.3678624398011346e-6
1.6673231617871405e-6
1.4503020191099495e-6
1.3845980197009606e-6
1.0730236416870725e-6
1.0565644570355213e-6
1.0379960885224123e-6
1.0653213957268684e-6
1.0948665259424846e-6
1.1903229142631695e-6
1.306739996486944e-6
1.1885283334140385e-6
1.1903273734842434e-6
1.4022184971540924e-6
1.3041551645858505e-6
1.1311121358985482e-6
1.149250888431868e-6
1.1403701785929006e-6
1.2968646852740462e-6
1.3145442602531033e-6
1.5086314103971446e-6
1.4585545364858436e-6
1.3876080561324307e-6
1.4708599071203324e-6
1.3478671040851505e-6
1.1245777460837412e-6
1.119821676474751e-6
1.1201749687428228e-6
1.1193668527222636e-6
1.0477182965887055e-6
1.06631702590576e-6
1.1299076104472625e-6
1.0242047202528125e-6
1.1642998932526085e-6
1.1200794409371988e-6
1.1151182581146983e-6
1.0873063763338451e-6
1.2444354864625159e-6
1.1233356066067023e-6
1.1639552502618953e-6
1.1776607291893008e-6
1.1038859246510436e-6
1.1796924066700046e-6
1.13755616144462e-6
1.2170040677796163e-6
1.0712707209885134e-6
1.0138419214075409e-6
8.626522651459819e-7
8.056004986280263e-7
8.184725582514043e-7
7.950676872505803e-7
7.479096248431611e-7
8.21987852377981e-7
8.396887478871152e-7
8.78899852329899e-7
8.953161446524636e-7
9.329666476484482e-7
8.080139956593646e-7
8.601720377715595e-7
8.417093236854826e-7
8.998589174147098e-7
9.70149906980465e-7
8.643178453373179e-7
7.634695256297991e-7
7.117152915591694e-7
7.561933109096824e-7
7.155880313297692e-7
7.962131559343599e-7
8.393281429823801e-7
9.205670808378244e-7
9.893997158288738e-7
9.52145007793581e-7
1.0283962640465182e-6
1.0037538831600089e-6
8.026361117193331e-7
9.40839726193144e-7
8.200747295585431e-7
8.354137796063044e-7
8.01342033854558e-7
8.567077897856616e-7
9.145195727585277e-7
9.372551439209777e-7
9.556781641162106e-7
9.693128663108908e-7
9.320635897575912e-7
8.883769183468552e-7
9.419713393955041e-7
1.036567422555805e-6
9.080271855416521e-7
8.674098359764433e-7
9.404263701966302e-7
9.449523976753388e-7
9.48827866487658e-7
8.812137440288004e-7
7.329008666918945e-7
6.851443145458206e-7
6.488690102338978e-7
6.049660778969218e-7
5.905351073202874e-7
6.009563911036407e-7
6.111682546666453e-7
6.138861366214652e-7
6.091138950774608e-7
5.720989437109054e-7
5.771638558585384e-7
5.824083017610432e-7
6.130358261440163e-7
5.640360858848778e-7
5.938146975146947e-7
6.011400164311703e-7
6.203370692344569e-7
6.983508644792154e-7
6.621500136134455e-7
6.934436258654749e-7
6.77858906462803e-7
6.780822474053009e-7
6.519294789526768e-7
6.73743974220548e-7
6.196001711332307e-7
6.123859953458182e-7
5.872638090088818e-7
5.411540722998271e-7
5.995393511902731e-7
5.843474048455398e-7
5.914743928727506e-7
5.726944849055684e-7
5.313071034649977e-7
5.264621458408076e-7
5.100657533448002e-7
4.922472936697104e-7
4.3643518839272124e-7
4.3071667021749294e-7
4.0176854589165183e-7
3.815856576080194e-7
3.825269962961592e-7
3.565181883873527e-7
3.6477245004235874e-7
3.6283154379892006e-7
3.3889639497645116e-7
3.130114745140858e-7
3.087679241913271e-7
3.3692006200146567e-7
3.660611936696661e-7
3.5839560549198614e-7
3.7088905034384773e-7
3.735268766606045e-7
3.964131982104042e-7
4.0344260969905275e-7
3.6315602026901464e-7
3.3755393171757145e-7
3.4791827766902257e-7
3.6771188707451753e-7
3.988315572869948e-7
3.8252155792771146e-7
3.932323054751475e-7
4.220225363302296e-7
4.092309551097995e-7
4.083917056428271e-7
4.389798318322919e-7
4.0892901061388645e-7
4.0943780731836313e-7
4.402849546943196e-7
4.453323035681667e-7
3.917571672201155e-7
4.04697906527807e-7
3.8129692044954405e-7
4.0438222080308234e-7
3.6654312848327546e-7
3.7982596158469106e-7
3.8962483241631126e-7
3.9769176699194436e-7
4.3049176373219294e-7
4.417111928899481e-7
4.76234382485476e-7
4.918179292542568e-7
4.885566583369021e-7
5.054916460369214e-7
4.710257424806492e-7
4.648774018134867e-7
4.5430078652157825e-7
4.419221902457708e-7
4.0191602806918717e-7
3.886061269873061e-7
3.9193195710967287e-7
3.4503421615096595e-7
3.5409545395424037e-7
3.725432283996545e-7
3.67782176512819e-7
3.9208183780585983e-7
3.749987025797015e-7
3.8713332656157236e-7
4.2897829618568707e-7
4.0714264569210013e-7
4.083864594776102e-7
3.921040776790468e-7
4.220703443416263e-7
4.249130094509872e-7
3.99718059633162e-7
4.0717095161852714e-7
4.0704336529304524e-7
4.331415143114876e-7
4.1832222414190954e-7
4.584105429840732e-7
4.948588531422827e-7
4.629277849473001e-7
4.2824652359507974e-7
4.3007657258112596e-7
4.4430909604926475e-7
4.955467585351275e-7
4.815839727552615e-7
4.7309420700243937e-7
5.034645394790014e-7
5.479304962011845e-7
6.207907039250204e-7
6.656514608939564e-7
6.812792952789043e-7
7.095719516009461e-7
6.85185312527e-7
6.669154077113303e-7
6.265262783709904e-7
6.379912137409021e-7
7.024002852336957e-7
6.777663309284514e-7
5.918129208090455e-7
6.410184669955922e-7
6.783309773899654e-7
6.874565273971045e-7
7.345204873398858e-7
7.530694617162218e-7
7.161327970984269e-7
6.984982589838215e-7
7.558830677724116e-7
7.364538532132305e-7
7.164314701732251e-7
6.967140948333192e-7
7.217061765181242e-7
6.998535295004281e-7
6.705885496909058e-7
6.670589691922043e-7
6.443255490531597e-7
6.288807576391245e-7
6.487652121152788e-7
5.994029526369309e-7
5.903439157337205e-7
5.909494699740279e-7
5.914146303969107e-7
5.773162856105655e-7
6.009952445668201e-7
6.287099773185727e-7
6.138883423050439e-7
5.87664202932573e-7
6.25870292982537e-7
5.890792070086826e-7
6.211639128755078e-7
5.847993219504507e-7
5.697931075274908e-7
5.632932729575083e-7
5.40473555703432e-7
5.023014664787626e-7
