3.529177450132708e-6
2.129239170414726e-6
1.7737190636616626e-6
1.608674070943951e-6
1.4862879686744197e-6
1.6399738363701618e-6
1.5033195087326624e-6
1.7187728395624718e-6
1.5461018742712876e-6
1.7262092651145973e-6
2.0509957024252603e-6
1.594564300525682e-6
1.7445827612216031e-6
1.92936965434433e-6
1.7760555327715008e-6
1.8211186877813124e-6
1.3314663400235214e-6
1.6618827278861848e-6
1.4577189079003957e-6
1.3967096632773179e-6
1.0484447472921095e-6
9.365985951187418e-7
1.1417179353049737e-6
1.24386333397926e-6
1.4918688009271023e-6
1.506982374699434e-6
1.5129203517709372e-6
1.1464517963571944e-6
1.1722016796441946e-6
1.257636020980107e-6
1.1782217325906459e-6
9.250707174655158e-7
8.640916867181926e-7
7.613969154869406e-7
8.216695647401413e-7
8.282412144103961e-7
7.406832582374005e-7
7.946601628142047e-7
7.324446518240452e-7
8.71752114605183e-7
7.491092115530771e-7
8.627764052667209e-7
9.000951220231984e-7
9.371478912529029e-7
8.943485909486446e-7
8.324174142875263e-7
9.67490246835842e-7
9.008926720873644e-7
9.229490046585059e-7
8.974384734121076e-7
8.317418131056019e-7
8.187188734929096e-7
7.710914087263876e-7
8.49514685010534e-7
9.016493703603506e-7
9.426589990418528e-7
9.484001311894198e-7
1.0157546042305708e-6
9.790839018437664e-7
9.528399931235254e-7
8.896498852177827e-7
9.88826548772892e-7
9.221177570410325e-7
8.00622541618634e-7
7.200949284303908e-7
8.318958056363028e-7
7.191267737731286e-7
8.313992442575637e-7
8.664799218321582e-7
8.276959888773598e-7
8.132378954399156e-7
8.792328149678065e-7
8.224437527345056e-7
9.444169383198023e-7
9.148321953337149e-7
9.02309251595408e-7
8.905768457842561e-7
9.146856689715537e-7
9.7732870801255e-7
9.254155734818911e-7
8.105608814365057e-7
7.982031612444445e-7
7.72911087867053e-7
6.771810583012528e-7
6.597343391039657e-7
6.101818026088273e-7
6.525491456594909e-7
6.704943745214662e-7
6.649623800314815e-7
6.692263025023795e-7
6.810106959761725e-7
6.89768268156471e-7
7.270731475136575e-7
7.156486599182028e-7
7.297618897306803e-7
6.700852179975117e-7
7.95101144230209e-7
8.399041339983689e-7
8.582913866841817e-7
8.609966659192627e-7
8.697261462414834e-7
8.362735827192045e-7
8.299277366605042e-7
7.911087951206769e-7
8.376819156551081e-7
8.686510416506224e-7
8.808319334644838e-7
8.544179387982437e-7
8.302354461293728e-7
8.262597647560315e-7
8.102457533918151e-7
7.896638429884248e-7
7.740743668438263e-7
8.339182646928321e-7
8.85270700458519e-7
8.653023838544654e-7
7.351649023390357e-7
7.778552281352477e-7
8.828979450107117e-7
9.347519837901541e-7
9.499280189610584e-7
9.777720197393238e-7
9.647807099663723e-7
9.843729204304944e-7
9.704612260368112e-7
1.075850301548799e-6
1.0429020506114217e-6
1.0745743080959282e-6
1.1557388014764669e-6
1.1031325876666473e-6
1.2055032290537645e-6
1.1067180464433565e-6
1.2489296803361767e-6
1.0958513533602107e-6
1.0945282909781572e-6
1.1781364648453075e-6
1.1411202663191368e-6
1.1957330541158318e-6
1.1062737811661148e-6
1.1090349726379358e-6
1.11890522933194e-6
1.1212674320906901e-6
1.1299036618167566e-6
1.241124523948769e-6
1.340088569852359e-6
1.3282472349938596e-6
1.258994776805088e-6
1.096575721550179e-6
9.572768685523848e-7
9.951614159618808e-7
9.535815345759135e-7
1.0301550513882672e-6
1.0650346384959103e-6
8.752594367657919e-7
9.245676024521924e-7
9.33884234488423e-7
9.139932919248207e-7
9.271396070448602e-7
9.485000214837204e-7
1.005499090758864e-6
1.1428400399220913e-6
1.1041607865948666e-6
1.2576315272449841e-6
1.2407743598378093e-6
1.162959711185057e-6
1.136444501291593e-6
1.1554797119896574e-6
1.1553342027378768e-6
1.1501714956376458e-6
1.1205483701688541e-6
1.2639269460640164e-6
1.170840582902126e-6
1.1956053007904727e-6
1.2139600423357798e-6
1.2231006373534216e-6
1.1193246382361755e-6
1.102015940520414e-6
1.0746354381165092e-6
1.0863203183280987e-6
1.0469810600143585e-6
1.1664969824993404e-6
1.0889918226024304e-6
1.104432677940092e-6
1.1222350887515014e-6
1.045020982879693e-6
1.0888063182841235e-6
1.1853553269304977e-6
1.1031031211176447e-6
1.0676578641008859e-6
9.469923935869407e-7
9.479644481782541e-7
8.651430997373247e-7
9.586341660571867e-7
9.0942829259592e-7
9.107887507210848e-7
8.873729998762584e-7
9.181310069741054e-7
9.287993598832516e-7
8.774241962893517e-7
9.368069127056857e-7
1.0035799523243737e-6
1.0025049508638293e-6
9.303362922540376e-7
9.034572088477483e-7
9.221155076705157e-7
8.59994261545008e-7
8.519955152653868e-7
8.844970915424689e-7
9.065126918127214e-7
1.0051191341368922e-6
9.84219222038937e-7
1.0070427666139746e-6
1.0650861401360745e-6
1.085324875188643e-6
9.658136362793367e-7
9.232745421795534e-7
9.208261156354785e-7
8.649100608243352e-7
7.920553391942419e-7
8.769324056774187e-7
9.30718029268647e-7
9.391032066354425e-7
9.66759631019512e-7
9.894580628904963e-7
1.015654782291224e-6
9.9798033374882e-7
9.423447800571292e-7
9.728099764396338e-7
8.637591160302515e-7
9.808199894684227e-7
9.762735406120855e-7
1.03810529776174e-6
9.525869664312355e-7
9.109724912213095e-7
9.20265367326692e-7
9.475660681356762e-7
9.620877186242067e-7
9.713635432066959e-7
9.043811005924659e-7
8.758477871382392e-7
8.401485607079834e-7
8.15089270027526e-7
8.782173067525871e-7
9.045470461176768e-7
9.645093563195445e-7
9.853671461380079e-7
1.0410559627925511e-6
1.0548308052352436e-6
1.1410163531855448e-6
1.1282844119445573e-6
1.124805052540452e-6
1.1201740188270845e-6
1.1319280814338603e-6
1.168899671968279e-6
9.987565425506493e-7
1.0145179123927405e-6
1.0359210515791327e-6
1.0089519482555689e-6
9.757655098671707e-7
9.805660943065722e-7
9.313996556030716e-7
9.004567873701252e-7
9.325208670401358e-7
9.193749237281597e-7
9.428884849850333e-7
9.631457289517692e-7
9.158810298843852e-7
8.962377395852156e-7
8.84711529137772e-7
8.403144259407193e-7
9.417784459976703e-7
8.635590700293179e-7
8.891685973643233e-7
8.293391757045035e-7
8.460880873798364e-7
9.006132577958282e-7
9.239058756223101e-7
9.236800858912975e-7
9.124641901880788e-7
9.57965787447679e-7
9.156948275311172e-7
8.4375910288932e-7
7.958989162802955e-7
7.88639052590917e-7
7.972199716866207e-7
7.857144082144169e-7
7.633628027223841e-7
7.684598832815878e-7
7.299300390732814e-7
7.113306027325987e-7
6.965074769552075e-7
7.285409862401587e-7
6.872935471094044e-7
6.11620279536192e-7
5.977738162363604e-7
5.330748300850157e-7
5.575549466024615e-7
5.622286934670674e-7
5.145740200414304e-7
5.534117828726874e-7
